0	14	233	6930_81414_000013_000000
1	12	201	3575_170457_000041_000003
2	19	316	7021_85628_000036_000000
3	9	150	4507_16021_000035_000009
4	29	467	8463_294828_000070_000000
5	25	412	1580_141083_000078_000000
6	15	251	121_127105_000024_000000
7	31	499	2300_131720_000022_000003
8	10	175	5142_33396_000014_000000
9	16	271	3570_5695_000000_000000
10	7	123	1188_133604_000040_000002
11	13	221	4077_13754_000008_000000
12	35	563	4970_29095_000044_000000
13	33	542	4446_2273_000023_000001
14	23	375	908_31957_000003_000001
15	17	277	1995_1837_000023_000003
16	28	456	1320_122612_000051_000001
17	34	555	2830_3979_000017_000003
18	18	294	3729_6852_000040_000001
19	0	8	8455_210777_000022_000008
20	36	578	237_126133_000023_000000
21	27	445	8230_279154_000012_000000
22	1	16	260_123286_000005_000001
23	37	607	5683_32879_000045_000001
24	3	56	5105_28241_000020_000002
25	30	481	7127_75947_000012_000000
26	20	327	2961_961_000014_000001
27	24	395	7176_92135_000039_000001
28	22	362	6829_68771_000010_000004
29	11	188	4992_41797_000012_000002

