0	78	1249	p261_092
1	37	594	p273_044
2	97	1562	p287_192
3	14	234	p303_325
4	66	1065	p276_247
5	103	1654	p317_251
6	101	1619	p316_317
7	67	1081	p237_138
8	11	178	p230_284
9	58	942	p274_329
10	59	953	p326_077
11	84	1352	p306_357
12	57	925	p270_443
13	88	1420	p238_097
14	9	156	p266_316
15	17	282	p232_332
16	39	636	p360_346
17	52	837	p259_273
18	98	1568	p345_099
19	4	64	p364_123
20	95	1520	p329_280
21	23	379	p256_162
22	48	778	p247_188
23	105	1686	p282_188
24	6	100	s5_112
25	7	120	p229_030
26	41	659	p264_167
27	76	1223	p227_253
28	19	316	p233_171
29	32	523	p257_035
30	33	532	p250_215
31	22	352	p330_225
32	86	1381	p361_048
33	79	1268	p298_312
34	92	1482	p240_301
35	99	1584	p312_318
36	40	648	p254_322
37	71	1146	p231_259
38	51	823	p272_378
39	89	1430	p252_071
40	0	6	p269_305
41	27	441	p249_285
42	13	213	p313_216
43	12	204	p363_234
44	63	1016	p281_273
45	20	334	p340_339
46	94	1506	p239_106
47	68	1095	p241_229
48	75	1212	p347_157
49	15	254	p374_040
50	96	1549	p267_224
51	44	718	p226_207
52	69	1114	p284_393
53	77	1239	p310_023
54	46	748	p279_009
55	72	1161	p248_093
56	91	1456	p275_082
57	2	42	p283_173
58	47	764	p339_168
59	107	1712	p225_314
60	60	960	p318_191
61	55	893	p271_253
62	35	565	p308_291
63	54	871	p263_058
64	102	1635	p236_126
65	61	987	p292_310
66	1	30	p302_011
67	49	790	p343_332
68	31	496	p376_123
69	28	450	p234_278
70	82	1321	p333_325
71	64	1038	p251_231
72	87	1398	p255_141
73	24	391	p305_330
74	34	551	p307_376
75	5	81	p288_174
76	43	689	p278_036
77	8	130	p314_376
78	93	1497	p285_217
79	83	1328	p277_348
